 time                    Ne-23                    Na-23
   0.0000000000000000          0.50000000000000000          0.50000000000000000     
   1.0000000149011612          0.46153843639283954          0.53846156360716046     
   2.0000000298023224          0.43195262403632495          0.56804737596367505     
   3.0000000447034836          0.40919431130272793          0.59080568869727201     
   4.0000000596046448          0.39168792032590033          0.60831207967409962     
   5.0000000745058060          0.37822146836959514          0.62177853163040486     
   6.0000000894069672          0.36786266120417116          0.63213733879582878     
   7.0000001043081284          0.35989439392088463          0.64010560607911526     
   8.0000001192092896          0.35376494851491330          0.64623505148508653     
   9.0000001341104507          0.34904998356091577          0.65095001643908401     
   10.000000149011612          0.34542308209675271          0.65457691790324712     
   11.000000163912773          0.34263315378146486          0.65736684621853492     
   12.000000178813934          0.34048705191424977          0.65951294808575001     
   13.000000193715096          0.33883620189089037          0.66116379810910941     
   14.000000208616257          0.33756631538584658          0.66243368461415320     
   15.000000223517418          0.33658943648248496          0.66341056351751482     
   16.000000238418579          0.33583799968589212          0.66416200031410766     
   17.000000253319740          0.33525997792973528          0.66474002207026450     
   18.000000268220901          0.33481535084718406          0.66518464915281572     
   19.000000283122063          0.33447333388946188          0.66552666611053790     
   20.000000298023224          0.33421024690272610          0.66578975309727373     
   21.000000312924385          0.33400787459039782          0.66599212540960206     
   22.000000327825546          0.33385220534462767          0.66614779465537222     
   23.000000342726707          0.33373250030700763          0.66626749969299226     
   24.000000357627869          0.33364041151331608          0.66635958848668375     
   25.000000372529030          0.33356956782877156          0.66643043217122833     
   26.000000387430191          0.33351506795491431          0.66648493204508563     
   27.000000402331352          0.33347314133478512          0.66652685866521477     
   28.000000417232513          0.33344088728810484          0.66655911271189505     
   29.000000432133675          0.33341607432860448          0.66658392567139546     
   30.000000447034836          0.33339698577933596          0.66660301422066393     
   31.000000461935997          0.33338226415649380          0.66661773584350603     
   32.000000476837158          0.33337094737027179          0.66662905262972805     
   33.000000491738319          0.33336224794550251          0.66663775205449727     
   34.000000506639481          0.33335556053532878          0.66664443946467100     
   35.000000521540642          0.33335041979832392          0.66664958020167586     
   36.000000536441803          0.33334646801784895          0.66665353198215083     
   37.000000551342964          0.33334343021044749          0.66665656978955234     
   38.000000566244125          0.33334109499120468          0.66665890500879521     
   39.000000581145287          0.33333933431265117          0.66666066568734872     
   40.000000596046448          0.33333797303188356          0.66666202696811627     
   41.000000610947609          0.33333692054826891          0.66666307945173098     
   42.000000625848770          0.33333610681330295          0.66666389318669694     
   43.000000640749931          0.33333547766850136          0.66666452233149853     
   44.000000655651093          0.33333499124085864          0.66666500875914125     
   45.000000670552254          0.33333461515597163          0.66666538484402826     
   46.000000685453415          0.33333432438334726          0.66666567561665269     
   47.000000700354576          0.33333406584855768          0.66666593415144226     
   48.000000715255737          0.33333387475762710          0.66666612524237279     
   49.000000730156898          0.33333373351650514          0.66666626648349470     
   50.000000745058060          0.33333362912089376          0.66666637087910607     
   51.000000759959221          0.33333355195892045          0.66666644804107944     
   52.000000774860382          0.33333349492615783          0.66666650507384206     
   53.000000789761543          0.33333345277150739          0.66666654722849250     
   54.000000804662704          0.33333342161372242          0.66666657838627741     
   55.000000819563866          0.33333339858405542          0.66666660141594447     
   56.000000834465027          0.33333338156212766          0.66666661843787223     
   57.000000849366188          0.33333336898070287          0.66666663101929702     
   58.000000864267349          0.33333335968138894          0.66666664031861089     
   59.000000879168510          0.33333335280798304          0.66666664719201685     
   60.000000894069672          0.33333334772763956          0.66666665227236033     
   61.000000908970833          0.33333334397260311          0.66666665602739683     
   62.000000923871994          0.33333334119714142          0.66666665880285858     
   63.000000938773155          0.33333333914571323          0.66666666085428683     
   64.000000953674316          0.33333333762944023          0.66666666237055983     
   65.000000968575478          0.33333333650871666          0.66666666349128334     
   66.000000983476639          0.33333333568035578          0.66666666431964428     
   67.000000998377800          0.33333333506808904          0.66666666493191096     
   68.000001013278961          0.33333333461554404          0.66666666538445596     
   69.000001028180122          0.33333333428105427          0.66666666571894573     
   70.000001043081284          0.33333333403382270          0.66666666596617730     
   71.000001057982445          0.33333333385108632          0.66666666614891368     
   72.000001072883606          0.33333333371602031          0.66666666628397964     
   73.000001087784767          0.33333333361618894          0.66666666638381100     
   74.000001102685928          0.33333333354240052          0.66666666645759942     
   75.000001117587090          0.33333333348786126          0.66666666651213868     
   76.000001132488251          0.33333333344754962          0.66666666655245033     
   77.000001147389412          0.33333333341775406          0.66666666658224583     
   78.000001162290573          0.33333333339573123          0.66666666660426865     
   79.000001177191734          0.33333333337945353          0.66666666662054641     
   80.000001192092896          0.33333333336742216          0.66666666663257779     
   81.000001206994057          0.33333333335852944          0.66666666664147056     
   82.000001221895218          0.33333333335195653          0.66666666664804342     
   83.000001236796379          0.33333333334709830          0.66666666665290164     
   84.000001251697540          0.33333333334350745          0.66666666665649255     
   85.000001266598701          0.33333333334085335          0.66666666665914665     
   86.000001281499863          0.33333333333889159          0.66666666666110841     
   87.000001296401024          0.33333333333744164          0.66666666666255836     
   88.000001311302185          0.33333333333636989          0.66666666666363006     
   89.000001326203346          0.33333333333557774          0.66666666666442220     
   90.000001341104507          0.33333333333499221          0.66666666666500773     
   91.000001356005669          0.33333333333455945          0.66666666666544050     
   92.000001370906830          0.33333333333423959          0.66666666666576035     
   93.000001385807991          0.33333333333400317          0.66666666666599672     
   94.000001400709152          0.33333333333382842          0.66666666666617147     
   95.000001415610313          0.33333333333369924          0.66666666666630059     
   96.000001430511475          0.33333333333360377          0.66666666666639607     
   97.000001445412636          0.33333333333353321          0.66666666666646668     
   98.000001460313797          0.33333333333348103          0.66666666666651886     
   99.000001475214958          0.33333333333344251          0.66666666666655738     
   100.00000149011612          0.33333333333341403          0.66666666666658592     
   101.00000150501728          0.33333333333339299          0.66666666666660701     
   102.00000151991844          0.33333333333337745          0.66666666666662255     
   103.00000153481960          0.33333333333336596          0.66666666666663410     
   104.00000154972076          0.33333333333335746          0.66666666666664265     
   105.00000156462193          0.33333333333335119          0.66666666666664898     
   106.00000157952309          0.33333333333334653          0.66666666666665364     
   107.00000159442425          0.33333333333334308          0.66666666666665708     
   108.00000160932541          0.33333333333334053          0.66666666666665964     
   109.00000162422657          0.33333333333333870          0.66666666666666152     
   110.00000163912773          0.33333333333333731          0.66666666666666297     
   111.00000165402889          0.33333333333333631          0.66666666666666397     
   112.00000166893005          0.33333333333333559          0.66666666666666474     
   113.00000168383121          0.33333333333333504          0.66666666666666530     
   114.00000169873238          0.33333333333333459          0.66666666666666574     
   115.00000171363354          0.33333333333333431          0.66666666666666607     
   116.00000172853470          0.33333333333333409          0.66666666666666630     
   117.00000174343586          0.33333333333333393          0.66666666666666641     
   118.00000175833702          0.33333333333333381          0.66666666666666652     
   119.00000177323818          0.33333333333333370          0.66666666666666663     
   120.00000178813934          0.33333333333333365          0.66666666666666674     
   121.00000180304050          0.33333333333333359          0.66666666666666674     
   122.00000181794167          0.33333333333333354          0.66666666666666674     
   123.00000183284283          0.33333333333333354          0.66666666666666674     
   124.00000184774399          0.33333333333333354          0.66666666666666674     
   125.00000186264515          0.33333333333333354          0.66666666666666674     
   126.00000187754631          0.33333333333333354          0.66666666666666674     
   127.00000189244747          0.33333333333333354          0.66666666666666674     
   128.00000190734863          0.33333333333333354          0.66666666666666674     
   129.00000192224979          0.33333333333333354          0.66666666666666674     
   130.00000193715096          0.33333333333333354          0.66666666666666674     
   131.00000195205212          0.33333333333333354          0.66666666666666674     
   132.00000196695328          0.33333333333333354          0.66666666666666674     
   133.00000198185444          0.33333333333333354          0.66666666666666674     
   134.00000199675560          0.33333333333333354          0.66666666666666674     
   135.00000201165676          0.33333333333333354          0.66666666666666674     
   136.00000202655792          0.33333333333333354          0.66666666666666674     
   137.00000204145908          0.33333333333333354          0.66666666666666674     
   138.00000205636024          0.33333333333333354          0.66666666666666674     
   139.00000207126141          0.33333333333333354          0.66666666666666674     
   140.00000208616257          0.33333333333333354          0.66666666666666674     
   141.00000210106373          0.33333333333333354          0.66666666666666674     
   142.00000211596489          0.33333333333333354          0.66666666666666674     
   143.00000213086605          0.33333333333333354          0.66666666666666674     
   144.00000214576721          0.33333333333333354          0.66666666666666674     
   145.00000216066837          0.33333333333333354          0.66666666666666674     
   146.00000217556953          0.33333333333333354          0.66666666666666674     
   147.00000219047070          0.33333333333333354          0.66666666666666674     
   148.00000220537186          0.33333333333333354          0.66666666666666674     
   149.00000222027302          0.33333333333333354          0.66666666666666674     
   150.00000223517418          0.33333333333333354          0.66666666666666674     
   151.00000225007534          0.33333333333333354          0.66666666666666674     
   152.00000226497650          0.33333333333333354          0.66666666666666674     
   153.00000227987766          0.33333333333333354          0.66666666666666674     
   154.00000229477882          0.33333333333333354          0.66666666666666674     
   155.00000230967999          0.33333333333333354          0.66666666666666674     
   156.00000232458115          0.33333333333333354          0.66666666666666674     
   157.00000233948231          0.33333333333333354          0.66666666666666674     
   158.00000235438347          0.33333333333333354          0.66666666666666674     
   159.00000236928463          0.33333333333333354          0.66666666666666674     
   160.00000238418579          0.33333333333333354          0.66666666666666674     
   161.00000239908695          0.33333333333333354          0.66666666666666674     
   162.00000241398811          0.33333333333333354          0.66666666666666674     
   163.00000242888927          0.33333333333333354          0.66666666666666674     
   164.00000244379044          0.33333333333333354          0.66666666666666674     
   165.00000245869160          0.33333333333333354          0.66666666666666674     
   166.00000247359276          0.33333333333333354          0.66666666666666674     
   167.00000248849392          0.33333333333333354          0.66666666666666674     
   168.00000250339508          0.33333333333333354          0.66666666666666674     
   169.00000251829624          0.33333333333333354          0.66666666666666674     
   170.00000253319740          0.33333333333333354          0.66666666666666674     
   171.00000254809856          0.33333333333333354          0.66666666666666674     
   172.00000256299973          0.33333333333333354          0.66666666666666674     
   173.00000257790089          0.33333333333333354          0.66666666666666674     
   174.00000259280205          0.33333333333333354          0.66666666666666674     
   175.00000260770321          0.33333333333333354          0.66666666666666674     
   176.00000262260437          0.33333333333333354          0.66666666666666674     
   177.00000263750553          0.33333333333333354          0.66666666666666674     
   178.00000265240669          0.33333333333333354          0.66666666666666674     
   179.00000266730785          0.33333333333333354          0.66666666666666674     
   180.00000268220901          0.33333333333333354          0.66666666666666674     
   181.00000269711018          0.33333333333333354          0.66666666666666674     
   182.00000271201134          0.33333333333333354          0.66666666666666674     
   183.00000272691250          0.33333333333333354          0.66666666666666674     
   184.00000274181366          0.33333333333333354          0.66666666666666674     
   185.00000275671482          0.33333333333333354          0.66666666666666674     
   186.00000277161598          0.33333333333333354          0.66666666666666674     
   187.00000278651714          0.33333333333333354          0.66666666666666674     
   188.00000280141830          0.33333333333333354          0.66666666666666674     
   189.00000281631947          0.33333333333333354          0.66666666666666674     
   190.00000283122063          0.33333333333333354          0.66666666666666674     
   191.00000284612179          0.33333333333333354          0.66666666666666674     
   192.00000286102295          0.33333333333333354          0.66666666666666674     
   193.00000287592411          0.33333333333333354          0.66666666666666674     
   194.00000289082527          0.33333333333333354          0.66666666666666674     
   195.00000290572643          0.33333333333333354          0.66666666666666674     
   196.00000292062759          0.33333333333333354          0.66666666666666674     
   197.00000293552876          0.33333333333333354          0.66666666666666674     
   198.00000295042992          0.33333333333333354          0.66666666666666674     
   199.00000296533108          0.33333333333333354          0.66666666666666674     
   200.00000298023224          0.33333333333333354          0.66666666666666674     
   201.00000299513340          0.33333333333333354          0.66666666666666674     
   202.00000301003456          0.33333333333333354          0.66666666666666674     
   203.00000302493572          0.33333333333333354          0.66666666666666674     
   204.00000303983688          0.33333333333333354          0.66666666666666674     
   205.00000305473804          0.33333333333333354          0.66666666666666674     
   206.00000306963921          0.33333333333333354          0.66666666666666674     
   207.00000308454037          0.33333333333333354          0.66666666666666674     
   208.00000309944153          0.33333333333333354          0.66666666666666674     
   209.00000311434269          0.33333333333333354          0.66666666666666674     
   210.00000312924385          0.33333333333333354          0.66666666666666674     
   211.00000314414501          0.33333333333333354          0.66666666666666674     
   212.00000315904617          0.33333333333333354          0.66666666666666674     
   213.00000317394733          0.33333333333333354          0.66666666666666674     
   214.00000318884850          0.33333333333333354          0.66666666666666674     
   215.00000320374966          0.33333333333333354          0.66666666666666674     
   216.00000321865082          0.33333333333333354          0.66666666666666674     
   217.00000323355198          0.33333333333333354          0.66666666666666674     
   218.00000324845314          0.33333333333333354          0.66666666666666674     
   219.00000326335430          0.33333333333333354          0.66666666666666674     
   220.00000327825546          0.33333333333333354          0.66666666666666674     
   221.00000329315662          0.33333333333333354          0.66666666666666674     
   222.00000330805779          0.33333333333333354          0.66666666666666674     
   223.00000332295895          0.33333333333333354          0.66666666666666674     
   224.00000333786011          0.33333333333333354          0.66666666666666674     
   225.00000335276127          0.33333333333333354          0.66666666666666674     
   226.00000336766243          0.33333333333333354          0.66666666666666674     
   227.00000338256359          0.33333333333333354          0.66666666666666674     
   228.00000339746475          0.33333333333333354          0.66666666666666674     
   229.00000341236591          0.33333333333333354          0.66666666666666674     
   230.00000342726707          0.33333333333333354          0.66666666666666674     
   231.00000344216824          0.33333333333333354          0.66666666666666674     
   232.00000345706940          0.33333333333333354          0.66666666666666674     
   233.00000347197056          0.33333333333333354          0.66666666666666674     
   234.00000348687172          0.33333333333333354          0.66666666666666674     
   235.00000350177288          0.33333333333333354          0.66666666666666674     
   236.00000351667404          0.33333333333333354          0.66666666666666674     
   237.00000353157520          0.33333333333333354          0.66666666666666674     
   238.00000354647636          0.33333333333333354          0.66666666666666674     
   239.00000356137753          0.33333333333333354          0.66666666666666674     
   240.00000357627869          0.33333333333333354          0.66666666666666674     
   241.00000359117985          0.33333333333333354          0.66666666666666674     
   242.00000360608101          0.33333333333333354          0.66666666666666674     
   243.00000362098217          0.33333333333333354          0.66666666666666674     
   244.00000363588333          0.33333333333333354          0.66666666666666674     
   245.00000365078449          0.33333333333333354          0.66666666666666674     
   246.00000366568565          0.33333333333333354          0.66666666666666674     
   247.00000368058681          0.33333333333333354          0.66666666666666674     
   248.00000369548798          0.33333333333333354          0.66666666666666674     
   249.00000371038914          0.33333333333333354          0.66666666666666674     
   250.00000372529030          0.33333333333333354          0.66666666666666674     
   251.00000374019146          0.33333333333333354          0.66666666666666674     
   252.00000375509262          0.33333333333333354          0.66666666666666674     
   253.00000376999378          0.33333333333333354          0.66666666666666674     
   254.00000378489494          0.33333333333333354          0.66666666666666674     
   255.00000379979610          0.33333333333333354          0.66666666666666674     
   256.00000381469727          0.33333333333333354          0.66666666666666674     
   257.00000382959843          0.33333333333333354          0.66666666666666674     
   258.00000384449959          0.33333333333333354          0.66666666666666674     
   259.00000385940075          0.33333333333333354          0.66666666666666674     
   260.00000387430191          0.33333333333333354          0.66666666666666674     
   261.00000388920307          0.33333333333333354          0.66666666666666674     
   262.00000390410423          0.33333333333333354          0.66666666666666674     
   263.00000391900539          0.33333333333333354          0.66666666666666674     
   264.00000393390656          0.33333333333333354          0.66666666666666674     
   265.00000394880772          0.33333333333333354          0.66666666666666674     
   266.00000396370888          0.33333333333333354          0.66666666666666674     
   267.00000397861004          0.33333333333333354          0.66666666666666674     
   268.00000399351120          0.33333333333333354          0.66666666666666674     
   269.00000400841236          0.33333333333333354          0.66666666666666674     
   270.00000402331352          0.33333333333333354          0.66666666666666674     
   271.00000403821468          0.33333333333333354          0.66666666666666674     
   272.00000405311584          0.33333333333333354          0.66666666666666674     
   273.00000406801701          0.33333333333333354          0.66666666666666674     
   274.00000408291817          0.33333333333333354          0.66666666666666674     
   275.00000409781933          0.33333333333333354          0.66666666666666674     
   276.00000411272049          0.33333333333333354          0.66666666666666674     
   277.00000412762165          0.33333333333333354          0.66666666666666674     
   278.00000414252281          0.33333333333333354          0.66666666666666674     
   279.00000415742397          0.33333333333333354          0.66666666666666674     
   280.00000417232513          0.33333333333333354          0.66666666666666674     
   281.00000418722630          0.33333333333333354          0.66666666666666674     
   282.00000420212746          0.33333333333333354          0.66666666666666674     
   283.00000421702862          0.33333333333333354          0.66666666666666674     
   284.00000423192978          0.33333333333333354          0.66666666666666674     
   285.00000424683094          0.33333333333333354          0.66666666666666674     
   286.00000426173210          0.33333333333333354          0.66666666666666674     
   287.00000427663326          0.33333333333333354          0.66666666666666674     
   288.00000429153442          0.33333333333333354          0.66666666666666674     
   289.00000430643559          0.33333333333333354          0.66666666666666674     
   290.00000432133675          0.33333333333333354          0.66666666666666674     
   291.00000433623791          0.33333333333333354          0.66666666666666674     
   292.00000435113907          0.33333333333333354          0.66666666666666674     
   293.00000436604023          0.33333333333333354          0.66666666666666674     
   294.00000438094139          0.33333333333333354          0.66666666666666674     
   295.00000439584255          0.33333333333333354          0.66666666666666674     
   296.00000441074371          0.33333333333333354          0.66666666666666674     
   297.00000442564487          0.33333333333333354          0.66666666666666674     
   298.00000444054604          0.33333333333333354          0.66666666666666674     
   299.00000445544720          0.33333333333333354          0.66666666666666674     
   300.00000447034836          0.33333333333333354          0.66666666666666674     
   301.00000448524952          0.33333333333333354          0.66666666666666674     
   302.00000450015068          0.33333333333333354          0.66666666666666674     
   303.00000451505184          0.33333333333333354          0.66666666666666674     
   304.00000452995300          0.33333333333333354          0.66666666666666674     
   305.00000454485416          0.33333333333333354          0.66666666666666674     
   306.00000455975533          0.33333333333333354          0.66666666666666674     
   307.00000457465649          0.33333333333333354          0.66666666666666674     
   308.00000458955765          0.33333333333333354          0.66666666666666674     
   309.00000460445881          0.33333333333333354          0.66666666666666674     
   310.00000461935997          0.33333333333333354          0.66666666666666674     
   311.00000463426113          0.33333333333333354          0.66666666666666674     
   312.00000464916229          0.33333333333333354          0.66666666666666674     
   313.00000466406345          0.33333333333333354          0.66666666666666674     
   314.00000467896461          0.33333333333333354          0.66666666666666674     
   315.00000469386578          0.33333333333333354          0.66666666666666674     
   316.00000470876694          0.33333333333333354          0.66666666666666674     
   317.00000472366810          0.33333333333333354          0.66666666666666674     
   318.00000473856926          0.33333333333333354          0.66666666666666674     
   319.00000475347042          0.33333333333333354          0.66666666666666674     
   320.00000476837158          0.33333333333333354          0.66666666666666674     
   321.00000478327274          0.33333333333333354          0.66666666666666674     
   322.00000479817390          0.33333333333333354          0.66666666666666674     
   323.00000481307507          0.33333333333333354          0.66666666666666674     
   324.00000482797623          0.33333333333333354          0.66666666666666674     
   325.00000484287739          0.33333333333333354          0.66666666666666674     
   326.00000485777855          0.33333333333333354          0.66666666666666674     
   327.00000487267971          0.33333333333333354          0.66666666666666674     
   328.00000488758087          0.33333333333333354          0.66666666666666674     
   329.00000490248203          0.33333333333333354          0.66666666666666674     
   330.00000491738319          0.33333333333333354          0.66666666666666674     
   331.00000493228436          0.33333333333333354          0.66666666666666674     
   332.00000494718552          0.33333333333333354          0.66666666666666674     
   333.00000496208668          0.33333333333333354          0.66666666666666674     
   334.00000497698784          0.33333333333333354          0.66666666666666674     
   335.00000499188900          0.33333333333333354          0.66666666666666674     
   336.00000500679016          0.33333333333333354          0.66666666666666674     
   337.00000502169132          0.33333333333333354          0.66666666666666674     
   338.00000503659248          0.33333333333333354          0.66666666666666674     
   339.00000505149364          0.33333333333333354          0.66666666666666674     
   340.00000506639481          0.33333333333333354          0.66666666666666674     
   341.00000508129597          0.33333333333333354          0.66666666666666674     
   342.00000509619713          0.33333333333333354          0.66666666666666674     
   343.00000511109829          0.33333333333333354          0.66666666666666674     
   344.00000512599945          0.33333333333333354          0.66666666666666674     
   345.00000514090061          0.33333333333333354          0.66666666666666674     
   346.00000515580177          0.33333333333333354          0.66666666666666674     
   347.00000517070293          0.33333333333333354          0.66666666666666674     
   348.00000518560410          0.33333333333333354          0.66666666666666674     
   349.00000520050526          0.33333333333333354          0.66666666666666674     
   350.00000521540642          0.33333333333333354          0.66666666666666674     
   351.00000523030758          0.33333333333333354          0.66666666666666674     
   352.00000524520874          0.33333333333333354          0.66666666666666674     
   353.00000526010990          0.33333333333333354          0.66666666666666674     
   354.00000527501106          0.33333333333333354          0.66666666666666674     
   355.00000528991222          0.33333333333333354          0.66666666666666674     
   356.00000530481339          0.33333333333333354          0.66666666666666674     
   357.00000531971455          0.33333333333333354          0.66666666666666674     
   358.00000533461571          0.33333333333333354          0.66666666666666674     
   359.00000534951687          0.33333333333333354          0.66666666666666674     
   360.00000536441803          0.33333333333333354          0.66666666666666674     
   361.00000537931919          0.33333333333333354          0.66666666666666674     
   362.00000539422035          0.33333333333333354          0.66666666666666674     
   363.00000540912151          0.33333333333333354          0.66666666666666674     
   364.00000542402267          0.33333333333333354          0.66666666666666674     
   365.00000543892384          0.33333333333333354          0.66666666666666674     
   366.00000545382500          0.33333333333333354          0.66666666666666674     
   367.00000546872616          0.33333333333333354          0.66666666666666674     
   368.00000548362732          0.33333333333333354          0.66666666666666674     
   369.00000549852848          0.33333333333333354          0.66666666666666674     
   370.00000551342964          0.33333333333333354          0.66666666666666674     
   371.00000552833080          0.33333333333333354          0.66666666666666674     
   372.00000554323196          0.33333333333333354          0.66666666666666674     
   373.00000555813313          0.33333333333333354          0.66666666666666674     
   374.00000557303429          0.33333333333333354          0.66666666666666674     
   375.00000558793545          0.33333333333333354          0.66666666666666674     
   376.00000560283661          0.33333333333333354          0.66666666666666674     
   377.00000561773777          0.33333333333333354          0.66666666666666674     
   378.00000563263893          0.33333333333333354          0.66666666666666674     
   379.00000564754009          0.33333333333333354          0.66666666666666674     
   380.00000566244125          0.33333333333333354          0.66666666666666674     
   381.00000567734241          0.33333333333333354          0.66666666666666674     
   382.00000569224358          0.33333333333333354          0.66666666666666674     
   383.00000570714474          0.33333333333333354          0.66666666666666674     
   384.00000572204590          0.33333333333333354          0.66666666666666674     
   385.00000573694706          0.33333333333333354          0.66666666666666674     
   386.00000575184822          0.33333333333333354          0.66666666666666674     
   387.00000576674938          0.33333333333333354          0.66666666666666674     
   388.00000578165054          0.33333333333333354          0.66666666666666674     
   389.00000579655170          0.33333333333333354          0.66666666666666674     
   390.00000581145287          0.33333333333333354          0.66666666666666674     
   391.00000582635403          0.33333333333333354          0.66666666666666674     
   392.00000584125519          0.33333333333333354          0.66666666666666674     
   393.00000585615635          0.33333333333333354          0.66666666666666674     
   394.00000587105751          0.33333333333333354          0.66666666666666674     
   395.00000588595867          0.33333333333333354          0.66666666666666674     
   396.00000590085983          0.33333333333333354          0.66666666666666674     
   397.00000591576099          0.33333333333333354          0.66666666666666674     
   398.00000593066216          0.33333333333333354          0.66666666666666674     
   399.00000594556332          0.33333333333333354          0.66666666666666674     
   400.00000596046448          0.33333333333333354          0.66666666666666674     
   401.00000597536564          0.33333333333333354          0.66666666666666674     
   402.00000599026680          0.33333333333333354          0.66666666666666674     
   403.00000600516796          0.33333333333333354          0.66666666666666674     
   404.00000602006912          0.33333333333333354          0.66666666666666674     
   405.00000603497028          0.33333333333333354          0.66666666666666674     
   406.00000604987144          0.33333333333333354          0.66666666666666674     
   407.00000606477261          0.33333333333333354          0.66666666666666674     
   408.00000607967377          0.33333333333333354          0.66666666666666674     
   409.00000609457493          0.33333333333333354          0.66666666666666674     
   410.00000610947609          0.33333333333333354          0.66666666666666674     
   411.00000612437725          0.33333333333333354          0.66666666666666674     
   412.00000613927841          0.33333333333333354          0.66666666666666674     
   413.00000615417957          0.33333333333333354          0.66666666666666674     
   414.00000616908073          0.33333333333333354          0.66666666666666674     
   415.00000618398190          0.33333333333333354          0.66666666666666674     
   416.00000619888306          0.33333333333333354          0.66666666666666674     
   417.00000621378422          0.33333333333333354          0.66666666666666674     
   418.00000622868538          0.33333333333333354          0.66666666666666674     
   419.00000624358654          0.33333333333333354          0.66666666666666674     
   420.00000625848770          0.33333333333333354          0.66666666666666674     
   421.00000627338886          0.33333333333333354          0.66666666666666674     
   422.00000628829002          0.33333333333333354          0.66666666666666674     
   423.00000630319118          0.33333333333333354          0.66666666666666674     
   424.00000631809235          0.33333333333333354          0.66666666666666674     
   425.00000633299351          0.33333333333333354          0.66666666666666674     
   426.00000634789467          0.33333333333333354          0.66666666666666674     
   427.00000636279583          0.33333333333333354          0.66666666666666674     
   428.00000637769699          0.33333333333333354          0.66666666666666674     
   429.00000639259815          0.33333333333333354          0.66666666666666674     
   430.00000640749931          0.33333333333333354          0.66666666666666674     
   431.00000642240047          0.33333333333333354          0.66666666666666674     
   432.00000643730164          0.33333333333333354          0.66666666666666674     
   433.00000645220280          0.33333333333333354          0.66666666666666674     
   434.00000646710396          0.33333333333333354          0.66666666666666674     
   435.00000648200512          0.33333333333333354          0.66666666666666674     
   436.00000649690628          0.33333333333333354          0.66666666666666674     
   437.00000651180744          0.33333333333333354          0.66666666666666674     
   438.00000652670860          0.33333333333333354          0.66666666666666674     
   439.00000654160976          0.33333333333333354          0.66666666666666674     
   440.00000655651093          0.33333333333333354          0.66666666666666674     
   441.00000657141209          0.33333333333333354          0.66666666666666674     
   442.00000658631325          0.33333333333333354          0.66666666666666674     
   443.00000660121441          0.33333333333333354          0.66666666666666674     
   444.00000661611557          0.33333333333333354          0.66666666666666674     
   445.00000663101673          0.33333333333333354          0.66666666666666674     
   446.00000664591789          0.33333333333333354          0.66666666666666674     
   447.00000666081905          0.33333333333333354          0.66666666666666674     
   448.00000667572021          0.33333333333333354          0.66666666666666674     
   449.00000669062138          0.33333333333333354          0.66666666666666674     
   450.00000670552254          0.33333333333333354          0.66666666666666674     
   451.00000672042370          0.33333333333333354          0.66666666666666674     
   452.00000673532486          0.33333333333333354          0.66666666666666674     
   453.00000675022602          0.33333333333333354          0.66666666666666674     
   454.00000676512718          0.33333333333333354          0.66666666666666674     
   455.00000678002834          0.33333333333333354          0.66666666666666674     
   456.00000679492950          0.33333333333333354          0.66666666666666674     
   457.00000680983067          0.33333333333333354          0.66666666666666674     
   458.00000682473183          0.33333333333333354          0.66666666666666674     
   459.00000683963299          0.33333333333333354          0.66666666666666674     
   460.00000685453415          0.33333333333333354          0.66666666666666674     
   461.00000686943531          0.33333333333333354          0.66666666666666674     
   462.00000688433647          0.33333333333333354          0.66666666666666674     
   463.00000689923763          0.33333333333333354          0.66666666666666674     
   464.00000691413879          0.33333333333333354          0.66666666666666674     
   465.00000692903996          0.33333333333333354          0.66666666666666674     
   466.00000694394112          0.33333333333333354          0.66666666666666674     
   467.00000695884228          0.33333333333333354          0.66666666666666674     
   468.00000697374344          0.33333333333333354          0.66666666666666674     
   469.00000698864460          0.33333333333333354          0.66666666666666674     
   470.00000700354576          0.33333333333333354          0.66666666666666674     
   471.00000701844692          0.33333333333333354          0.66666666666666674     
   472.00000703334808          0.33333333333333354          0.66666666666666674     
   473.00000704824924          0.33333333333333354          0.66666666666666674     
   474.00000706315041          0.33333333333333354          0.66666666666666674     
   475.00000707805157          0.33333333333333354          0.66666666666666674     
   476.00000709295273          0.33333333333333354          0.66666666666666674     
   477.00000710785389          0.33333333333333354          0.66666666666666674     
   478.00000712275505          0.33333333333333354          0.66666666666666674     
   479.00000713765621          0.33333333333333354          0.66666666666666674     
   480.00000715255737          0.33333333333333354          0.66666666666666674     
   481.00000716745853          0.33333333333333354          0.66666666666666674     
   482.00000718235970          0.33333333333333354          0.66666666666666674     
   483.00000719726086          0.33333333333333354          0.66666666666666674     
   484.00000721216202          0.33333333333333354          0.66666666666666674     
   485.00000722706318          0.33333333333333354          0.66666666666666674     
   486.00000724196434          0.33333333333333354          0.66666666666666674     
   487.00000725686550          0.33333333333333354          0.66666666666666674     
   488.00000727176666          0.33333333333333354          0.66666666666666674     
   489.00000728666782          0.33333333333333354          0.66666666666666674     
   490.00000730156898          0.33333333333333354          0.66666666666666674     
   491.00000731647015          0.33333333333333354          0.66666666666666674     
   492.00000733137131          0.33333333333333354          0.66666666666666674     
   493.00000734627247          0.33333333333333354          0.66666666666666674     
   494.00000736117363          0.33333333333333354          0.66666666666666674     
   495.00000737607479          0.33333333333333354          0.66666666666666674     
   496.00000739097595          0.33333333333333354          0.66666666666666674     
   497.00000740587711          0.33333333333333354          0.66666666666666674     
   498.00000742077827          0.33333333333333354          0.66666666666666674     
   499.00000743567944          0.33333333333333354          0.66666666666666674     
   500.00000745058060          0.33333333333333354          0.66666666666666674     
   501.00000746548176          0.33333333333333354          0.66666666666666674     
   502.00000748038292          0.33333333333333354          0.66666666666666674     
   503.00000749528408          0.33333333333333354          0.66666666666666674     
   504.00000751018524          0.33333333333333354          0.66666666666666674     
   505.00000752508640          0.33333333333333354          0.66666666666666674     
   506.00000753998756          0.33333333333333354          0.66666666666666674     
   507.00000755488873          0.33333333333333354          0.66666666666666674     
   508.00000756978989          0.33333333333333354          0.66666666666666674     
   509.00000758469105          0.33333333333333354          0.66666666666666674     
   510.00000759959221          0.33333333333333354          0.66666666666666674     
   511.00000761449337          0.33333333333333354          0.66666666666666674     
   512.00000762939453          0.33333333333333354          0.66666666666666674     
   513.00000764429569          0.33333333333333354          0.66666666666666674     
   514.00000765919685          0.33333333333333354          0.66666666666666674     
   515.00000767409801          0.33333333333333354          0.66666666666666674     
   516.00000768899918          0.33333333333333354          0.66666666666666674     
   517.00000770390034          0.33333333333333354          0.66666666666666674     
   518.00000771880150          0.33333333333333354          0.66666666666666674     
   519.00000773370266          0.33333333333333354          0.66666666666666674     
   520.00000774860382          0.33333333333333354          0.66666666666666674     
   521.00000776350498          0.33333333333333354          0.66666666666666674     
   522.00000777840614          0.33333333333333354          0.66666666666666674     
   523.00000779330730          0.33333333333333354          0.66666666666666674     
   524.00000780820847          0.33333333333333354          0.66666666666666674     
   525.00000782310963          0.33333333333333354          0.66666666666666674     
   526.00000783801079          0.33333333333333354          0.66666666666666674     
   527.00000785291195          0.33333333333333354          0.66666666666666674     
   528.00000786781311          0.33333333333333354          0.66666666666666674     
   529.00000788271427          0.33333333333333354          0.66666666666666674     
   530.00000789761543          0.33333333333333354          0.66666666666666674     
   531.00000791251659          0.33333333333333354          0.66666666666666674     
   532.00000792741776          0.33333333333333354          0.66666666666666674     
   533.00000794231892          0.33333333333333354          0.66666666666666674     
   534.00000795722008          0.33333333333333354          0.66666666666666674     
   535.00000797212124          0.33333333333333354          0.66666666666666674     
   536.00000798702240          0.33333333333333354          0.66666666666666674     
   537.00000800192356          0.33333333333333354          0.66666666666666674     
   538.00000801682472          0.33333333333333354          0.66666666666666674     
   539.00000803172588          0.33333333333333354          0.66666666666666674     
   540.00000804662704          0.33333333333333354          0.66666666666666674     
   541.00000806152821          0.33333333333333354          0.66666666666666674     
   542.00000807642937          0.33333333333333354          0.66666666666666674     
   543.00000809133053          0.33333333333333354          0.66666666666666674     
   544.00000810623169          0.33333333333333354          0.66666666666666674     
   545.00000812113285          0.33333333333333354          0.66666666666666674     
   546.00000813603401          0.33333333333333354          0.66666666666666674     
   547.00000815093517          0.33333333333333354          0.66666666666666674     
   548.00000816583633          0.33333333333333354          0.66666666666666674     
   549.00000818073750          0.33333333333333354          0.66666666666666674     
   550.00000819563866          0.33333333333333354          0.66666666666666674     
   551.00000821053982          0.33333333333333354          0.66666666666666674     
   552.00000822544098          0.33333333333333354          0.66666666666666674     
   553.00000824034214          0.33333333333333354          0.66666666666666674     
   554.00000825524330          0.33333333333333354          0.66666666666666674     
   555.00000827014446          0.33333333333333354          0.66666666666666674     
   556.00000828504562          0.33333333333333354          0.66666666666666674     
   557.00000829994678          0.33333333333333354          0.66666666666666674     
   558.00000831484795          0.33333333333333354          0.66666666666666674     
   559.00000832974911          0.33333333333333354          0.66666666666666674     
   560.00000834465027          0.33333333333333354          0.66666666666666674     
   561.00000835955143          0.33333333333333354          0.66666666666666674     
   562.00000837445259          0.33333333333333354          0.66666666666666674     
   563.00000838935375          0.33333333333333354          0.66666666666666674     
   564.00000840425491          0.33333333333333354          0.66666666666666674     
   565.00000841915607          0.33333333333333354          0.66666666666666674     
   566.00000843405724          0.33333333333333354          0.66666666666666674     
   567.00000844895840          0.33333333333333354          0.66666666666666674     
   568.00000846385956          0.33333333333333354          0.66666666666666674     
   569.00000847876072          0.33333333333333354          0.66666666666666674     
   570.00000849366188          0.33333333333333354          0.66666666666666674     
   571.00000850856304          0.33333333333333354          0.66666666666666674     
   572.00000852346420          0.33333333333333354          0.66666666666666674     
   573.00000853836536          0.33333333333333354          0.66666666666666674     
   574.00000855326653          0.33333333333333354          0.66666666666666674     
   575.00000856816769          0.33333333333333354          0.66666666666666674     
   576.00000858306885          0.33333333333333354          0.66666666666666674     
   577.00000859797001          0.33333333333333354          0.66666666666666674     
   578.00000861287117          0.33333333333333354          0.66666666666666674     
   579.00000862777233          0.33333333333333354          0.66666666666666674     
   580.00000864267349          0.33333333333333354          0.66666666666666674     
   581.00000865757465          0.33333333333333354          0.66666666666666674     
   582.00000867247581          0.33333333333333354          0.66666666666666674     
   583.00000868737698          0.33333333333333354          0.66666666666666674     
   584.00000870227814          0.33333333333333354          0.66666666666666674     
   585.00000871717930          0.33333333333333354          0.66666666666666674     
   586.00000873208046          0.33333333333333354          0.66666666666666674     
   587.00000874698162          0.33333333333333354          0.66666666666666674     
   588.00000876188278          0.33333333333333354          0.66666666666666674     
   589.00000877678394          0.33333333333333354          0.66666666666666674     
   590.00000879168510          0.33333333333333354          0.66666666666666674     
   591.00000880658627          0.33333333333333354          0.66666666666666674     
   592.00000882148743          0.33333333333333354          0.66666666666666674     
   593.00000883638859          0.33333333333333354          0.66666666666666674     
   594.00000885128975          0.33333333333333354          0.66666666666666674     
   595.00000886619091          0.33333333333333354          0.66666666666666674     
   596.00000888109207          0.33333333333333354          0.66666666666666674     
   597.00000889599323          0.33333333333333354          0.66666666666666674     
   598.00000891089439          0.33333333333333354          0.66666666666666674     
   599.00000892579556          0.33333333333333354          0.66666666666666674     
   600.00000894069672          0.33333333333333354          0.66666666666666674     
   601.00000895559788          0.33333333333333354          0.66666666666666674     
   602.00000897049904          0.33333333333333354          0.66666666666666674     
   603.00000898540020          0.33333333333333354          0.66666666666666674     
   604.00000900030136          0.33333333333333354          0.66666666666666674     
   605.00000901520252          0.33333333333333354          0.66666666666666674     
   606.00000903010368          0.33333333333333354          0.66666666666666674     
   607.00000904500484          0.33333333333333354          0.66666666666666674     
   608.00000905990601          0.33333333333333354          0.66666666666666674     
   609.00000907480717          0.33333333333333354          0.66666666666666674     
   610.00000908970833          0.33333333333333354          0.66666666666666674     
   611.00000910460949          0.33333333333333354          0.66666666666666674     
   612.00000911951065          0.33333333333333354          0.66666666666666674     
   613.00000913441181          0.33333333333333354          0.66666666666666674     
   614.00000914931297          0.33333333333333354          0.66666666666666674     
   615.00000916421413          0.33333333333333354          0.66666666666666674     
   616.00000917911530          0.33333333333333354          0.66666666666666674     
   617.00000919401646          0.33333333333333354          0.66666666666666674     
   618.00000920891762          0.33333333333333354          0.66666666666666674     
   619.00000922381878          0.33333333333333354          0.66666666666666674     
   620.00000923871994          0.33333333333333354          0.66666666666666674     
   621.00000925362110          0.33333333333333354          0.66666666666666674     
   622.00000926852226          0.33333333333333354          0.66666666666666674     
   623.00000928342342          0.33333333333333354          0.66666666666666674     
   624.00000929832458          0.33333333333333354          0.66666666666666674     
   625.00000931322575          0.33333333333333354          0.66666666666666674     
   626.00000932812691          0.33333333333333354          0.66666666666666674     
   627.00000934302807          0.33333333333333354          0.66666666666666674     
   628.00000935792923          0.33333333333333354          0.66666666666666674     
   629.00000937283039          0.33333333333333354          0.66666666666666674     
   630.00000938773155          0.33333333333333354          0.66666666666666674     
   631.00000940263271          0.33333333333333354          0.66666666666666674     
   632.00000941753387          0.33333333333333354          0.66666666666666674     
   633.00000943243504          0.33333333333333354          0.66666666666666674     
   634.00000944733620          0.33333333333333354          0.66666666666666674     
   635.00000946223736          0.33333333333333354          0.66666666666666674     
   636.00000947713852          0.33333333333333354          0.66666666666666674     
   637.00000949203968          0.33333333333333354          0.66666666666666674     
   638.00000950694084          0.33333333333333354          0.66666666666666674     
   639.00000952184200          0.33333333333333354          0.66666666666666674     
   640.00000953674316          0.33333333333333354          0.66666666666666674     
   641.00000955164433          0.33333333333333354          0.66666666666666674     
   642.00000956654549          0.33333333333333354          0.66666666666666674     
   643.00000958144665          0.33333333333333354          0.66666666666666674     
   644.00000959634781          0.33333333333333354          0.66666666666666674     
   645.00000961124897          0.33333333333333354          0.66666666666666674     
   646.00000962615013          0.33333333333333354          0.66666666666666674     
   647.00000964105129          0.33333333333333354          0.66666666666666674     
   648.00000965595245          0.33333333333333354          0.66666666666666674     
   649.00000967085361          0.33333333333333354          0.66666666666666674     
   650.00000968575478          0.33333333333333354          0.66666666666666674     
   651.00000970065594          0.33333333333333354          0.66666666666666674     
   652.00000971555710          0.33333333333333354          0.66666666666666674     
   653.00000973045826          0.33333333333333354          0.66666666666666674     
   654.00000974535942          0.33333333333333354          0.66666666666666674     
   655.00000976026058          0.33333333333333354          0.66666666666666674     
   656.00000977516174          0.33333333333333354          0.66666666666666674     
   657.00000979006290          0.33333333333333354          0.66666666666666674     
   658.00000980496407          0.33333333333333354          0.66666666666666674     
   659.00000981986523          0.33333333333333354          0.66666666666666674     
   660.00000983476639          0.33333333333333354          0.66666666666666674     
   661.00000984966755          0.33333333333333354          0.66666666666666674     
   662.00000986456871          0.33333333333333354          0.66666666666666674     
   663.00000987946987          0.33333333333333354          0.66666666666666674     
   664.00000989437103          0.33333333333333354          0.66666666666666674     
   665.00000990927219          0.33333333333333354          0.66666666666666674     
   666.00000992417336          0.33333333333333354          0.66666666666666674     
   667.00000993907452          0.33333333333333354          0.66666666666666674     
   668.00000995397568          0.33333333333333354          0.66666666666666674     
   669.00000996887684          0.33333333333333354          0.66666666666666674     
   670.00000998377800          0.33333333333333354          0.66666666666666674     
   671.00000999867916          0.33333333333333354          0.66666666666666674     
   672.00001001358032          0.33333333333333354          0.66666666666666674     
   673.00001002848148          0.33333333333333354          0.66666666666666674     
   674.00001004338264          0.33333333333333354          0.66666666666666674     
   675.00001005828381          0.33333333333333354          0.66666666666666674     
   676.00001007318497          0.33333333333333354          0.66666666666666674     
   677.00001008808613          0.33333333333333354          0.66666666666666674     
   678.00001010298729          0.33333333333333354          0.66666666666666674     
   679.00001011788845          0.33333333333333354          0.66666666666666674     
   680.00001013278961          0.33333333333333354          0.66666666666666674     
   681.00001014769077          0.33333333333333354          0.66666666666666674     
   682.00001016259193          0.33333333333333354          0.66666666666666674     
   683.00001017749310          0.33333333333333354          0.66666666666666674     
   684.00001019239426          0.33333333333333354          0.66666666666666674     
   685.00001020729542          0.33333333333333354          0.66666666666666674     
   686.00001022219658          0.33333333333333354          0.66666666666666674     
   687.00001023709774          0.33333333333333354          0.66666666666666674     
   688.00001025199890          0.33333333333333354          0.66666666666666674     
   689.00001026690006          0.33333333333333354          0.66666666666666674     
   690.00001028180122          0.33333333333333354          0.66666666666666674     
   691.00001029670238          0.33333333333333354          0.66666666666666674     
   692.00001031160355          0.33333333333333354          0.66666666666666674     
   693.00001032650471          0.33333333333333354          0.66666666666666674     
   694.00001034140587          0.33333333333333354          0.66666666666666674     
   695.00001035630703          0.33333333333333354          0.66666666666666674     
   696.00001037120819          0.33333333333333354          0.66666666666666674     
   697.00001038610935          0.33333333333333354          0.66666666666666674     
   698.00001040101051          0.33333333333333354          0.66666666666666674     
   699.00001041591167          0.33333333333333354          0.66666666666666674     
   700.00001043081284          0.33333333333333354          0.66666666666666674     
   701.00001044571400          0.33333333333333354          0.66666666666666674     
   702.00001046061516          0.33333333333333354          0.66666666666666674     
   703.00001047551632          0.33333333333333354          0.66666666666666674     
   704.00001049041748          0.33333333333333354          0.66666666666666674     
   705.00001050531864          0.33333333333333354          0.66666666666666674     
   706.00001052021980          0.33333333333333354          0.66666666666666674     
   707.00001053512096          0.33333333333333354          0.66666666666666674     
   708.00001055002213          0.33333333333333354          0.66666666666666674     
   709.00001056492329          0.33333333333333354          0.66666666666666674     
   710.00001057982445          0.33333333333333354          0.66666666666666674     
   711.00001059472561          0.33333333333333354          0.66666666666666674     
   712.00001060962677          0.33333333333333354          0.66666666666666674     
   713.00001062452793          0.33333333333333354          0.66666666666666674     
   714.00001063942909          0.33333333333333354          0.66666666666666674     
   715.00001065433025          0.33333333333333354          0.66666666666666674     
   716.00001066923141          0.33333333333333354          0.66666666666666674     
   717.00001068413258          0.33333333333333354          0.66666666666666674     
   718.00001069903374          0.33333333333333354          0.66666666666666674     
   719.00001071393490          0.33333333333333354          0.66666666666666674     
   720.00001072883606          0.33333333333333354          0.66666666666666674     
   721.00001074373722          0.33333333333333354          0.66666666666666674     
   722.00001075863838          0.33333333333333354          0.66666666666666674     
   723.00001077353954          0.33333333333333354          0.66666666666666674     
   724.00001078844070          0.33333333333333354          0.66666666666666674     
   725.00001080334187          0.33333333333333354          0.66666666666666674     
   726.00001081824303          0.33333333333333354          0.66666666666666674     
   727.00001083314419          0.33333333333333354          0.66666666666666674     
   728.00001084804535          0.33333333333333354          0.66666666666666674     
   729.00001086294651          0.33333333333333354          0.66666666666666674     
   730.00001087784767          0.33333333333333354          0.66666666666666674     
   731.00001089274883          0.33333333333333354          0.66666666666666674     
   732.00001090764999          0.33333333333333354          0.66666666666666674     
   733.00001092255116          0.33333333333333354          0.66666666666666674     
   734.00001093745232          0.33333333333333354          0.66666666666666674     
   735.00001095235348          0.33333333333333354          0.66666666666666674     
   736.00001096725464          0.33333333333333354          0.66666666666666674     
   737.00001098215580          0.33333333333333354          0.66666666666666674     
   738.00001099705696          0.33333333333333354          0.66666666666666674     
   739.00001101195812          0.33333333333333354          0.66666666666666674     
   740.00001102685928          0.33333333333333354          0.66666666666666674     
   741.00001104176044          0.33333333333333354          0.66666666666666674     
   742.00001105666161          0.33333333333333354          0.66666666666666674     
   743.00001107156277          0.33333333333333354          0.66666666666666674     
   744.00001108646393          0.33333333333333354          0.66666666666666674     
   745.00001110136509          0.33333333333333354          0.66666666666666674     
   746.00001111626625          0.33333333333333354          0.66666666666666674     
   747.00001113116741          0.33333333333333354          0.66666666666666674     
   748.00001114606857          0.33333333333333354          0.66666666666666674     
   749.00001116096973          0.33333333333333354          0.66666666666666674     
   750.00001117587090          0.33333333333333354          0.66666666666666674     
   751.00001119077206          0.33333333333333354          0.66666666666666674     
   752.00001120567322          0.33333333333333354          0.66666666666666674     
   753.00001122057438          0.33333333333333354          0.66666666666666674     
   754.00001123547554          0.33333333333333354          0.66666666666666674     
   755.00001125037670          0.33333333333333354          0.66666666666666674     
   756.00001126527786          0.33333333333333354          0.66666666666666674     
   757.00001128017902          0.33333333333333354          0.66666666666666674     
   758.00001129508018          0.33333333333333354          0.66666666666666674     
   759.00001130998135          0.33333333333333354          0.66666666666666674     
   760.00001132488251          0.33333333333333354          0.66666666666666674     
   761.00001133978367          0.33333333333333354          0.66666666666666674     
   762.00001135468483          0.33333333333333354          0.66666666666666674     
   763.00001136958599          0.33333333333333354          0.66666666666666674     
   764.00001138448715          0.33333333333333354          0.66666666666666674     
   765.00001139938831          0.33333333333333354          0.66666666666666674     
   766.00001141428947          0.33333333333333354          0.66666666666666674     
   767.00001142919064          0.33333333333333354          0.66666666666666674     
   768.00001144409180          0.33333333333333354          0.66666666666666674     
   769.00001145899296          0.33333333333333354          0.66666666666666674     
   770.00001147389412          0.33333333333333354          0.66666666666666674     
   771.00001148879528          0.33333333333333354          0.66666666666666674     
   772.00001150369644          0.33333333333333354          0.66666666666666674     
   773.00001151859760          0.33333333333333354          0.66666666666666674     
   774.00001153349876          0.33333333333333354          0.66666666666666674     
   775.00001154839993          0.33333333333333354          0.66666666666666674     
   776.00001156330109          0.33333333333333354          0.66666666666666674     
   777.00001157820225          0.33333333333333354          0.66666666666666674     
   778.00001159310341          0.33333333333333354          0.66666666666666674     
   779.00001160800457          0.33333333333333354          0.66666666666666674     
   780.00001162290573          0.33333333333333354          0.66666666666666674     
   781.00001163780689          0.33333333333333354          0.66666666666666674     
   782.00001165270805          0.33333333333333354          0.66666666666666674     
   783.00001166760921          0.33333333333333354          0.66666666666666674     
   784.00001168251038          0.33333333333333354          0.66666666666666674     
   785.00001169741154          0.33333333333333354          0.66666666666666674     
   786.00001171231270          0.33333333333333354          0.66666666666666674     
   787.00001172721386          0.33333333333333354          0.66666666666666674     
   788.00001174211502          0.33333333333333354          0.66666666666666674     
   789.00001175701618          0.33333333333333354          0.66666666666666674     
   790.00001177191734          0.33333333333333354          0.66666666666666674     
   791.00001178681850          0.33333333333333354          0.66666666666666674     
   792.00001180171967          0.33333333333333354          0.66666666666666674     
   793.00001181662083          0.33333333333333354          0.66666666666666674     
   794.00001183152199          0.33333333333333354          0.66666666666666674     
   795.00001184642315          0.33333333333333354          0.66666666666666674     
   796.00001186132431          0.33333333333333354          0.66666666666666674     
   797.00001187622547          0.33333333333333354          0.66666666666666674     
   798.00001189112663          0.33333333333333354          0.66666666666666674     
   799.00001190602779          0.33333333333333354          0.66666666666666674     
   800.00001192092896          0.33333333333333354          0.66666666666666674     
   801.00001193583012          0.33333333333333354          0.66666666666666674     
   802.00001195073128          0.33333333333333354          0.66666666666666674     
   803.00001196563244          0.33333333333333354          0.66666666666666674     
   804.00001198053360          0.33333333333333354          0.66666666666666674     
   805.00001199543476          0.33333333333333354          0.66666666666666674     
   806.00001201033592          0.33333333333333354          0.66666666666666674     
   807.00001202523708          0.33333333333333354          0.66666666666666674     
   808.00001204013824          0.33333333333333354          0.66666666666666674     
   809.00001205503941          0.33333333333333354          0.66666666666666674     
   810.00001206994057          0.33333333333333354          0.66666666666666674     
   811.00001208484173          0.33333333333333354          0.66666666666666674     
   812.00001209974289          0.33333333333333354          0.66666666666666674     
   813.00001211464405          0.33333333333333354          0.66666666666666674     
   814.00001212954521          0.33333333333333354          0.66666666666666674     
   815.00001214444637          0.33333333333333354          0.66666666666666674     
   816.00001215934753          0.33333333333333354          0.66666666666666674     
   817.00001217424870          0.33333333333333354          0.66666666666666674     
   818.00001218914986          0.33333333333333354          0.66666666666666674     
   819.00001220405102          0.33333333333333354          0.66666666666666674     
   820.00001221895218          0.33333333333333354          0.66666666666666674     
   821.00001223385334          0.33333333333333354          0.66666666666666674     
   822.00001224875450          0.33333333333333354          0.66666666666666674     
   823.00001226365566          0.33333333333333354          0.66666666666666674     
   824.00001227855682          0.33333333333333354          0.66666666666666674     
   825.00001229345798          0.33333333333333354          0.66666666666666674     
   826.00001230835915          0.33333333333333354          0.66666666666666674     
   827.00001232326031          0.33333333333333354          0.66666666666666674     
   828.00001233816147          0.33333333333333354          0.66666666666666674     
   829.00001235306263          0.33333333333333354          0.66666666666666674     
   830.00001236796379          0.33333333333333354          0.66666666666666674     
   831.00001238286495          0.33333333333333354          0.66666666666666674     
   832.00001239776611          0.33333333333333354          0.66666666666666674     
   833.00001241266727          0.33333333333333354          0.66666666666666674     
   834.00001242756844          0.33333333333333354          0.66666666666666674     
   835.00001244246960          0.33333333333333354          0.66666666666666674     
   836.00001245737076          0.33333333333333354          0.66666666666666674     
   837.00001247227192          0.33333333333333354          0.66666666666666674     
   838.00001248717308          0.33333333333333354          0.66666666666666674     
   839.00001250207424          0.33333333333333354          0.66666666666666674     
   840.00001251697540          0.33333333333333354          0.66666666666666674     
   841.00001253187656          0.33333333333333354          0.66666666666666674     
   842.00001254677773          0.33333333333333354          0.66666666666666674     
   843.00001256167889          0.33333333333333354          0.66666666666666674     
   844.00001257658005          0.33333333333333354          0.66666666666666674     
   845.00001259148121          0.33333333333333354          0.66666666666666674     
   846.00001260638237          0.33333333333333354          0.66666666666666674     
   847.00001262128353          0.33333333333333354          0.66666666666666674     
   848.00001263618469          0.33333333333333354          0.66666666666666674     
   849.00001265108585          0.33333333333333354          0.66666666666666674     
   850.00001266598701          0.33333333333333354          0.66666666666666674     
   851.00001268088818          0.33333333333333354          0.66666666666666674     
   852.00001269578934          0.33333333333333354          0.66666666666666674     
   853.00001271069050          0.33333333333333354          0.66666666666666674     
   854.00001272559166          0.33333333333333354          0.66666666666666674     
   855.00001274049282          0.33333333333333354          0.66666666666666674     
   856.00001275539398          0.33333333333333354          0.66666666666666674     
   857.00001277029514          0.33333333333333354          0.66666666666666674     
   858.00001278519630          0.33333333333333354          0.66666666666666674     
   859.00001280009747          0.33333333333333354          0.66666666666666674     
   860.00001281499863          0.33333333333333354          0.66666666666666674     
   861.00001282989979          0.33333333333333354          0.66666666666666674     
   862.00001284480095          0.33333333333333354          0.66666666666666674     
   863.00001285970211          0.33333333333333354          0.66666666666666674     
   864.00001287460327          0.33333333333333354          0.66666666666666674     
   865.00001288950443          0.33333333333333354          0.66666666666666674     
   866.00001290440559          0.33333333333333354          0.66666666666666674     
   867.00001291930676          0.33333333333333354          0.66666666666666674     
   868.00001293420792          0.33333333333333354          0.66666666666666674     
   869.00001294910908          0.33333333333333354          0.66666666666666674     
   870.00001296401024          0.33333333333333354          0.66666666666666674     
   871.00001297891140          0.33333333333333354          0.66666666666666674     
   872.00001299381256          0.33333333333333354          0.66666666666666674     
   873.00001300871372          0.33333333333333354          0.66666666666666674     
   874.00001302361488          0.33333333333333354          0.66666666666666674     
   875.00001303851604          0.33333333333333354          0.66666666666666674     
   876.00001305341721          0.33333333333333354          0.66666666666666674     
   877.00001306831837          0.33333333333333354          0.66666666666666674     
   878.00001308321953          0.33333333333333354          0.66666666666666674     
   879.00001309812069          0.33333333333333354          0.66666666666666674     
   880.00001311302185          0.33333333333333354          0.66666666666666674     
   881.00001312792301          0.33333333333333354          0.66666666666666674     
   882.00001314282417          0.33333333333333354          0.66666666666666674     
   883.00001315772533          0.33333333333333354          0.66666666666666674     
   884.00001317262650          0.33333333333333354          0.66666666666666674     
   885.00001318752766          0.33333333333333354          0.66666666666666674     
   886.00001320242882          0.33333333333333354          0.66666666666666674     
   887.00001321732998          0.33333333333333354          0.66666666666666674     
   888.00001323223114          0.33333333333333354          0.66666666666666674     
   889.00001324713230          0.33333333333333354          0.66666666666666674     
   890.00001326203346          0.33333333333333354          0.66666666666666674     
   891.00001327693462          0.33333333333333354          0.66666666666666674     
   892.00001329183578          0.33333333333333354          0.66666666666666674     
   893.00001330673695          0.33333333333333354          0.66666666666666674     
   894.00001332163811          0.33333333333333354          0.66666666666666674     
   895.00001333653927          0.33333333333333354          0.66666666666666674     
   896.00001335144043          0.33333333333333354          0.66666666666666674     
   897.00001336634159          0.33333333333333354          0.66666666666666674     
   898.00001338124275          0.33333333333333354          0.66666666666666674     
   899.00001339614391          0.33333333333333354          0.66666666666666674     
   900.00001341104507          0.33333333333333354          0.66666666666666674     
   901.00001342594624          0.33333333333333354          0.66666666666666674     
   902.00001344084740          0.33333333333333354          0.66666666666666674     
   903.00001345574856          0.33333333333333354          0.66666666666666674     
   904.00001347064972          0.33333333333333354          0.66666666666666674     
   905.00001348555088          0.33333333333333354          0.66666666666666674     
   906.00001350045204          0.33333333333333354          0.66666666666666674     
   907.00001351535320          0.33333333333333354          0.66666666666666674     
   908.00001353025436          0.33333333333333354          0.66666666666666674     
   909.00001354515553          0.33333333333333354          0.66666666666666674     
   910.00001356005669          0.33333333333333354          0.66666666666666674     
   911.00001357495785          0.33333333333333354          0.66666666666666674     
   912.00001358985901          0.33333333333333354          0.66666666666666674     
   913.00001360476017          0.33333333333333354          0.66666666666666674     
   914.00001361966133          0.33333333333333354          0.66666666666666674     
   915.00001363456249          0.33333333333333354          0.66666666666666674     
   916.00001364946365          0.33333333333333354          0.66666666666666674     
   917.00001366436481          0.33333333333333354          0.66666666666666674     
   918.00001367926598          0.33333333333333354          0.66666666666666674     
   919.00001369416714          0.33333333333333354          0.66666666666666674     
   920.00001370906830          0.33333333333333354          0.66666666666666674     
   921.00001372396946          0.33333333333333354          0.66666666666666674     
   922.00001373887062          0.33333333333333354          0.66666666666666674     
   923.00001375377178          0.33333333333333354          0.66666666666666674     
   924.00001376867294          0.33333333333333354          0.66666666666666674     
   925.00001378357410          0.33333333333333354          0.66666666666666674     
   926.00001379847527          0.33333333333333354          0.66666666666666674     
   927.00001381337643          0.33333333333333354          0.66666666666666674     
   928.00001382827759          0.33333333333333354          0.66666666666666674     
   929.00001384317875          0.33333333333333354          0.66666666666666674     
   930.00001385807991          0.33333333333333354          0.66666666666666674     
   931.00001387298107          0.33333333333333354          0.66666666666666674     
   932.00001388788223          0.33333333333333354          0.66666666666666674     
   933.00001390278339          0.33333333333333354          0.66666666666666674     
   934.00001391768456          0.33333333333333354          0.66666666666666674     
   935.00001393258572          0.33333333333333354          0.66666666666666674     
   936.00001394748688          0.33333333333333354          0.66666666666666674     
   937.00001396238804          0.33333333333333354          0.66666666666666674     
   938.00001397728920          0.33333333333333354          0.66666666666666674     
   939.00001399219036          0.33333333333333354          0.66666666666666674     
   940.00001400709152          0.33333333333333354          0.66666666666666674     
   941.00001402199268          0.33333333333333354          0.66666666666666674     
   942.00001403689384          0.33333333333333354          0.66666666666666674     
   943.00001405179501          0.33333333333333354          0.66666666666666674     
   944.00001406669617          0.33333333333333354          0.66666666666666674     
   945.00001408159733          0.33333333333333354          0.66666666666666674     
   946.00001409649849          0.33333333333333354          0.66666666666666674     
   947.00001411139965          0.33333333333333354          0.66666666666666674     
   948.00001412630081          0.33333333333333354          0.66666666666666674     
   949.00001414120197          0.33333333333333354          0.66666666666666674     
   950.00001415610313          0.33333333333333354          0.66666666666666674     
   951.00001417100430          0.33333333333333354          0.66666666666666674     
   952.00001418590546          0.33333333333333354          0.66666666666666674     
   953.00001420080662          0.33333333333333354          0.66666666666666674     
   954.00001421570778          0.33333333333333354          0.66666666666666674     
   955.00001423060894          0.33333333333333354          0.66666666666666674     
   956.00001424551010          0.33333333333333354          0.66666666666666674     
   957.00001426041126          0.33333333333333354          0.66666666666666674     
   958.00001427531242          0.33333333333333354          0.66666666666666674     
   959.00001429021358          0.33333333333333354          0.66666666666666674     
   960.00001430511475          0.33333333333333354          0.66666666666666674     
   961.00001432001591          0.33333333333333354          0.66666666666666674     
   962.00001433491707          0.33333333333333354          0.66666666666666674     
   963.00001434981823          0.33333333333333354          0.66666666666666674     
   964.00001436471939          0.33333333333333354          0.66666666666666674     
   965.00001437962055          0.33333333333333354          0.66666666666666674     
   966.00001439452171          0.33333333333333354          0.66666666666666674     
   967.00001440942287          0.33333333333333354          0.66666666666666674     
   968.00001442432404          0.33333333333333354          0.66666666666666674     
   969.00001443922520          0.33333333333333354          0.66666666666666674     
   970.00001445412636          0.33333333333333354          0.66666666666666674     
   971.00001446902752          0.33333333333333354          0.66666666666666674     
   972.00001448392868          0.33333333333333354          0.66666666666666674     
   973.00001449882984          0.33333333333333354          0.66666666666666674     
   974.00001451373100          0.33333333333333354          0.66666666666666674     
   975.00001452863216          0.33333333333333354          0.66666666666666674     
   976.00001454353333          0.33333333333333354          0.66666666666666674     
   977.00001455843449          0.33333333333333354          0.66666666666666674     
   978.00001457333565          0.33333333333333354          0.66666666666666674     
   979.00001458823681          0.33333333333333354          0.66666666666666674     
   980.00001460313797          0.33333333333333354          0.66666666666666674     
   981.00001461803913          0.33333333333333354          0.66666666666666674     
   982.00001463294029          0.33333333333333354          0.66666666666666674     
   983.00001464784145          0.33333333333333354          0.66666666666666674     
   984.00001466274261          0.33333333333333354          0.66666666666666674     
   985.00001467764378          0.33333333333333354          0.66666666666666674     
   986.00001469254494          0.33333333333333354          0.66666666666666674     
   987.00001470744610          0.33333333333333354          0.66666666666666674     
   988.00001472234726          0.33333333333333354          0.66666666666666674     
   989.00001473724842          0.33333333333333354          0.66666666666666674     
   990.00001475214958          0.33333333333333354          0.66666666666666674     
   991.00001476705074          0.33333333333333354          0.66666666666666674     
   992.00001478195190          0.33333333333333354          0.66666666666666674     
   993.00001479685307          0.33333333333333354          0.66666666666666674     
   994.00001481175423          0.33333333333333354          0.66666666666666674     
   995.00001482665539          0.33333333333333354          0.66666666666666674     
   996.00001484155655          0.33333333333333354          0.66666666666666674     
   997.00001485645771          0.33333333333333354          0.66666666666666674     
   998.00001487135887          0.33333333333333354          0.66666666666666674     
   999.00001488626003          0.33333333333333354          0.66666666666666674     
           0
 runtime:    8.7229999999999981E-003  seconds
